7.843729949797502561e-24 4.334307188615752124e-23 -5.434671000272533780e-23 -3.028177022140300818e-22 3.730420790838326805e-22 2.443184888603365144e-21 -3.865390511079674114e-22 -1.050086811392859954e-20 2.472329818168260504e-20 3.358747792738285281e-19 1.986037386042648399e-18 1.144571365516300919e-17 6.376990039929187412e-17 3.408866269180609284e-16 1.744400553713783203e-15 8.533802069305770424e-15 3.986502352128396700e-14 1.776287125872584269e-13 7.541265550198197293e-13 3.047494099734670021e-12 1.171072014955935476e-11 4.275148618274649821e-11 1.481250796611810954e-10 4.866064980551560622e-10 1.513963576517292139e-09 4.455386019302931082e-09 1.238372011252010520e-08 3.246001189943677237e-08 8.013827250230512920e-08 1.862615071876258071e-07 4.078299377541441407e-07 8.427242864058538263e-07 1.647646990129593818e-06 3.056675619776082571e-06 5.395407395454999713e-06 9.084113607300485681e-06 1.462342830941081154e-05 2.255845165142891646e-05 3.341909099503255357e-05 4.763961801465023405e-05 6.546172505142657417e-05 8.683684358518444749e-05 1.113398354094191720e-04 1.381240087299938542e-04 1.659165664450832506e-04 1.930907757049319653e-04 2.178646771246567056e-04 2.384203721206976296e-04 2.531458721281995496e-04 2.608306130745510678e-04 2.608306130745510136e-04 2.531458721281991701e-04 2.384203721206976296e-04 2.178646771246569767e-04 1.930907757049319653e-04 1.659165664450829795e-04 1.381240087299938270e-04 1.113398354094192262e-04 8.683684358518443394e-05 6.546172505142661482e-05 4.763961801465023405e-05 3.341909099503253324e-05 2.255845165142891307e-05 1.462342830941081831e-05 9.084113607300483987e-06 5.395407395454993783e-06 3.056675619776080030e-06 1.647646990129590218e-06 8.427242864058520263e-07 4.078299377541429760e-07 1.862615071876251454e-07 8.013827250230479833e-08 3.246001189943662679e-08 1.238372011252004068e-08 4.455386019302916193e-09 1.513963576517286762e-09 4.866064980551546147e-10 1.481250796611807594e-10 4.275148618274642712e-11 1.171072014955933376e-11 3.047494099734668406e-12 7.541265550198191234e-13 1.776287125872584017e-13 3.986502352128397331e-14 8.533802069305773579e-15 1.744400553713783795e-15 3.408866269180608790e-16 6.376990039929194807e-17 1.144571365516301690e-17 1.986037386042648784e-18 3.358747792738287207e-19 2.472329818168260504e-20 -1.050086811392861459e-20 -3.865390511079719723e-22 2.443184888603365144e-21 3.730420790838327276e-22 -3.028177022140300818e-22 -5.434671000272539658e-23 4.334307188615757413e-23 7.843729949797523132e-24
4.334307188615752124e-23 -5.971806000015519341e-23 -3.453301232902363412e-22 4.530801895398798139e-22 2.810352622328411476e-21 -9.478170066502649810e-22 -1.251239282373449129e-20 3.878967680733606500e-20 4.505520266563272697e-19 2.813254228507912464e-18 1.686504479379746821e-17 9.705994710130122122e-17 5.360676956334517300e-16 2.837090233762367244e-15 1.436885082128170474e-14 6.955822385137749487e-14 3.214821745168699796e-13 1.416994604756042179e-12 5.950050335705842696e-12 2.377770162956972827e-11 9.034121261777157844e-11 3.260210190743700277e-10 1.116398394878251811e-09 3.623684903328955652e-09 1.113603761116637579e-08 3.235755098003177079e-08 8.876245366472567525e-08 2.295335432078274273e-07 5.589511855159157207e-07 1.281596194567831935e-06 2.769467611204753962e-06 5.651481269509739071e-06 1.091867906375847071e-05 2.002643170554384549e-05 3.496064857841175896e-05 5.822739674888137136e-05 9.273006288605518369e-05 1.415179635163534477e-04 2.074081456893565650e-04 2.925135176203201917e-04 3.977141349869294787e-04 5.221682715261530619e-04 6.629296122812091676e-04 8.148336315659584356e-04 9.705609510231947429e-04 1.121226824240910240e-03 1.257307237403396897e-03 1.369348027826184332e-03 1.449140034078184305e-03 1.490625293346605233e-03 1.490625293346605016e-03 1.449140034078182353e-03 1.369348027826184548e-03 1.257307237403397764e-03 1.121226824240910240e-03 9.705609510231934418e-04 8.148336315659581103e-04 6.629296122812085171e-04 5.221682715261527366e-04 3.977141349869292618e-04 2.925135176203200833e-04 2.074081456893565379e-04 1.415179635163534206e-04 9.273006288605521079e-05 5.822739674888127649e-05 3.496064857841171152e-05 2.002643170554382177e-05 1.091867906375845377e-05 5.651481269509722978e-06 2.769467611204745491e-06 1.281596194567827276e-06 5.589511855159134972e-07 2.295335432078263420e-07 8.876245366472523850e-08 3.235755098003161859e-08 1.113603761116633608e-08 3.623684903328943245e-09 1.116398394878249329e-09 3.260210190743698209e-10 9.034121261777138457e-11 2.377770162956972181e-11 5.950050335705841080e-12 1.416994604756041977e-12 3.214821745168700805e-13 6.955822385137754536e-14 1.436885082128171736e-14 2.837090233762368821e-15 5.360676956334523217e-16 9.705994710130130750e-17 1.686504479379747438e-17 2.813254228507915160e-18 4.505520266563272697e-19 3.878967680733611315e-20 -1.251239282373449279e-20 -9.478170066502687426e-22 2.810352622328412229e-21 4.530801895398805662e-22 -3.453301232902364822e-22 -5.971806000015535798e-23 4.334307188615758001e-23
-5.434671000272533780e-23 -3.453301232902363412e-22 4.747339743172846492e-22 2.860541539247644676e-21 -1.280086361523947136e-21 -1.288707076797149882e-20 4.726567664592054590e-20 5.104487277490315477e-19 3.224739986684050252e-18 1.966280562944076190e-17 1.158381048428641052e-16 6.554257767336018634e-16 3.555554219185085376e-15 1.846961365090592560e-14 9.175979899069354599e-14 4.354927266350531950e-13 1.972169416778248134e-12 8.512496611215504418e-12 3.498231129958886998e-11 1.367293773181978200e-10 5.077480504107872270e-10 1.789603646655484440e-09 5.980220896238080730e-09 1.892409007813950091e-08 5.663207416544752197e-08 1.600216553274940603e-07 4.262076459609404391e-07 1.068393498602962240e-06 2.518710211040689773e-06 5.586562454779425715e-06 1.167707497218177648e-05 2.305899800579627881e-05 4.314567646687139115e-05 7.671713589214667435e-05 1.299841970056073647e-04 2.103995143906187799e-04 3.261588854706763858e-04 4.853825058739838928e-04 6.950093440932274486e-04 9.595100992414611930e-04 1.279548948915888934e-03 1.650876115841523129e-03 2.063621584009130410e-03 2.502305764837698190e-03 2.946087308408415571e-03 3.370833378021876551e-03 3.750944754970167959e-03 4.061602280787994512e-03 4.281634348139017054e-03 4.395640507928209179e-03 4.395640507928207444e-03 4.281634348139017922e-03 4.061602280787995380e-03 3.750944754970166224e-03 3.370833378021876117e-03 2.946087308408413402e-03 2.502305764837695588e-03 2.063621584009126941e-03 1.650876115841521177e-03 1.279548948915886332e-03 9.595100992414603257e-04 6.950093440932266897e-04 4.853825058739837843e-04 3.261588854706761690e-04 2.103995143906185901e-04 1.299841970056072563e-04 7.671713589214664724e-05 4.314567646687133016e-05 2.305899800579621782e-05 1.167707497218174090e-05 5.586562454779406233e-06 2.518710211040678761e-06 1.068393498602957581e-06 4.262076459609387450e-07 1.600216553274934780e-07 5.663207416544734329e-08 1.892409007813945459e-08 5.980220896238069150e-09 1.789603646655482372e-09 5.077480504107858828e-10 1.367293773181976132e-10 3.498231129958885705e-11 8.512496611215504418e-12 1.972169416778248942e-12 4.354927266350537503e-13 9.175979899069364697e-14 1.846961365090592560e-14 3.555554219185086954e-15 6.554257767336021592e-16 1.158381048428641298e-16 1.966280562944076190e-17 3.224739986684052948e-18 5.104487277490319328e-19 4.726567664592056997e-20 -1.288707076797150936e-20 -1.280086361523948453e-21 2.860541539247646556e-21 4.747339743172850254e-22 -3.453301232902362941e-22 -5.434671000272531429e-23
-3.028177022140300818e-22 4.530801895398798139e-22 2.860541539247644676e-21 -1.387462346394046028e-21 -1.296640589671158423e-20 5.298862339226939049e-20 5.539109896239745387e-19 3.575835127292914226e-18 2.233840329635302003e-17 1.347967077608871654e-16 7.815813864070003974e-16 4.347939556988656304e-15 2.317749579089232791e-14 1.182511619695266756e-13 5.767458586024811363e-13 2.685920024144930662e-12 1.192972072954841637e-11 5.047863029022448688e-11 2.032586800260793940e-10 7.780164004390676322e-10 2.827889922630257226e-09 9.749783108083395855e-09 3.184774118450281615e-08 9.843420570958022147e-08 2.874353371242748849e-07 7.916051258712095211e-07 2.052490890426221503e-06 5.003661999666708055e-06 1.146637987411032569e-05 2.472711697138422411e-05 5.029134944749280318e-05 9.674884897364271835e-05 1.765963186011556044e-04 3.067649566196178901e-04 5.085440793260725002e-04 8.066262922348009859e-04 1.227163697762223950e-03 1.794928061479244977e-03 2.529965675041360822e-03 3.443805599267392523e-03 4.535113759040535625e-03 5.786097223802513442e-03 7.160719176848280229e-03 8.605529324722468315e-03 1.005135790408390184e-02 1.142147797176138423e-02 1.263674315648580064e-02 1.362288326733867259e-02 1.431773807870970888e-02 1.467665433146486502e-02 1.467665433146486675e-02 1.431773807870971582e-02 1.362288326733867780e-02 1.263674315648578329e-02 1.142147797176138076e-02 1.005135790408389837e-02 8.605529324722459641e-03 7.160719176848269821e-03 5.786097223802507371e-03 4.535113759040527819e-03 3.443805599267385584e-03 2.529965675041356051e-03 1.794928061479243893e-03 1.227163697762223733e-03 8.066262922348007691e-04 5.085440793260720665e-04 3.067649566196177817e-04 1.765963186011554418e-04 9.674884897364260993e-05 5.029134944749264055e-05 2.472711697138415296e-05 1.146637987411027657e-05 5.003661999666686032e-06 2.052490890426213456e-06 7.916051258712069800e-07 2.874353371242741437e-07 9.843420570958007588e-08 3.184774118450275659e-08 9.749783108083380966e-09 2.827889922630252263e-09 7.780164004390667017e-10 2.032586800260792906e-10 5.047863029022448688e-11 1.192972072954841961e-11 2.685920024144933893e-12 5.767458586024815402e-13 1.182511619695267009e-13 2.317749579089233422e-14 4.347939556988657882e-15 7.815813864070007918e-16 1.347967077608871901e-16 2.233840329635303235e-17 3.575835127292914996e-18 5.539109896239746350e-19 5.298862339226941456e-20 -1.296640589671159175e-20 -1.387462346394048285e-21 2.860541539247645804e-21 4.530801895398805662e-22 -3.028177022140300347e-22
3.730420790838326805e-22 2.810352622328411476e-21 -1.280086361523947136e-21 -1.296640589671158423e-20 5.495360932429819895e-20 5.768857510138625941e-19 3.805085564965210838e-18 2.430501387656732301e-17 1.500445065626969644e-16 8.906695081671921515e-16 5.076087939116159838e-15 2.774150585213124872e-14 1.452095085696444436e-13 7.271089131086076242e-13 3.478736143517473162e-12 1.588348033262508283e-11 6.912987520570901028e-11 2.864745351811391976e-10 1.129066927434314749e-09 4.227501276756913552e-09 1.502063535939467539e-08 5.058470530740640284e-08 1.612549216307310685e-07 4.858754587565132843e-07 1.381348140403275715e-06 3.698362145082043012e-06 9.308225884992534112e-06 2.200147942135344478e-05 4.885840595575506736e-05 1.021175419371936599e-04 2.014308389033077427e-04 3.761972996016644849e-04 6.673744648943891362e-04 1.127920158500626390e-03 1.821206385790771851e-03 2.817578447291290648e-03 4.188324818655633948e-03 5.995564795559108276e-03 8.280361101650231606e-03 1.105001221108067866e-02 1.427196554969374122e-02 1.788242073351644854e-02 2.179267467814565221e-02 2.587973572361046415e-02 2.997078511839181003e-02 3.385684102237430937e-02 3.730936816445412640e-02 4.011210773046297584e-02 4.208582115657992506e-02 4.310450120835901400e-02 4.310450120835904869e-02 4.208582115657988343e-02 4.011210773046296890e-02 3.730936816445410559e-02 3.385684102237428855e-02 2.997078511839181697e-02 2.587973572361043639e-02 2.179267467814565221e-02 1.788242073351642078e-02 1.427196554969371693e-02 1.105001221108066131e-02 8.280361101650221198e-03 5.995564795559103072e-03 4.188324818655633081e-03 2.817578447291291081e-03 1.821206385790770117e-03 1.127920158500625089e-03 6.673744648943884857e-04 3.761972996016642139e-04 2.014308389033071193e-04 1.021175419371933617e-04 4.885840595575487763e-05 2.200147942135337025e-05 9.308225884992500231e-06 3.698362145082031577e-06 1.381348140403270845e-06 4.858754587565120137e-07 1.612549216307308038e-07 5.058470530740635652e-08 1.502063535939466546e-08 4.227501276756911070e-09 1.129066927434314542e-09 2.864745351811391976e-10 6.912987520570902321e-11 1.588348033262510868e-11 3.478736143517475585e-12 7.271089131086080281e-13 1.452095085696445699e-13 2.774150585213123926e-14 5.076087939116160626e-15 8.906695081671919543e-16 1.500445065626970384e-16 2.430501387656733841e-17 3.805085564965211608e-18 5.768857510138625941e-19 5.495360932429822302e-20 -1.296640589671159777e-20 -1.280086361523948076e-21 2.810352622328412605e-21 3.730420790838322103e-22
2.443184888603365144e-21 -9.478170066502649810e-22 -1.288707076797149882e-20 5.298862339226939049e-20 5.768857510138625941e-19 3.884644433548837132e-18 2.535152879816843900e-17 1.600029754842601328e-16 9.716620593479805474e-16 5.669197896810915687e-15 3.174100447516717426e-14 1.703282683333855948e-13 8.749666123479749875e-13 4.297397982469723142e-12 2.015590471324725476e-11 9.016972230324748052e-11 3.842976027261273746e-10 1.558537982042240456e-09 6.007697671819564090e-09 2.198536048053329568e-08 7.629026180342295043e-08 2.506969206615671814e-07 7.789985487327011823e-07 2.285021940318110111e-06 6.314646285103544423e-06 1.640607469274363016e-05 4.000768046595020707e-05 9.153396893050205459e-05 1.967130062717037495e-04 3.980859225942659659e-04 7.609875863156748002e-04 1.378669023541196238e-03 2.375332941640973493e-03 3.905806985539342358e-03 6.146022176393815470e-03 9.271996438889379064e-03 1.343168422200692082e-02 1.875368164726308462e-02 2.539290926826905104e-02 3.346906336011096217e-02 4.291240496656981152e-02 5.340571272066892139e-02 6.444828329559128266e-02 7.546307807073869556e-02 8.588928566415078569e-02 9.525094513630366633e-02 1.031642782256198682e-01 1.093428407358950361e-01 1.135792438502525453e-01 1.157334033189424682e-01 1.157334033189424405e-01 1.135792438502525453e-01 1.093428407358951332e-01 1.031642782256199098e-01 9.525094513630359694e-02 8.588928566415077182e-02 7.546307807073851515e-02 6.444828329559126878e-02 5.340571272066890751e-02 4.291240496656976988e-02 3.346906336011093441e-02 2.539290926826903716e-02 1.875368164726304993e-02 1.343168422200690347e-02 9.271996438889372125e-03 6.146022176393812000e-03 3.905806985539342358e-03 2.375332941640973493e-03 1.378669023541194069e-03 7.609875863156728487e-04 3.980859225942647733e-04 1.967130062717031803e-04 9.153396893050174288e-05 4.000768046595011221e-05 1.640607469274357933e-05 6.314646285103522400e-06 2.285021940318104182e-06 7.789985487326993824e-07 2.506969206615669167e-07 7.629026180342288425e-08 2.198536048053329568e-08 6.007697671819563263e-09 1.558537982042240456e-09 3.842976027261274780e-10 9.016972230324758392e-11 2.015590471324726768e-11 4.297397982469723950e-12 8.749666123479755934e-13 1.703282683333856200e-13 3.174100447516717426e-14 5.669197896810916476e-15 9.716620593479805474e-16 1.600029754842601328e-16 2.535152879816842667e-17 3.884644433548835591e-18 5.768857510138625941e-19 5.298862339226940854e-20 -1.288707076797150334e-20 -9.478170066502646048e-22 2.443184888603365144e-21
-3.865390511079674114e-22 -1.251239282373449129e-20 4.726567664592054590e-20 5.539109896239745387e-19 3.805085564965210838e-18 2.535152879816843900e-17 1.634651590080680115e-16 1.014845535073113136e-15 6.057416765067915715e-15 3.471885245327070494e-14 1.908575647852708343e-13 1.005053760367128316e-12 5.063732182093140715e-12 2.437914538371946849e-11 1.120210695123706718e-10 4.906663628351596264e-10 2.046234025908391464e-09 8.114970486793456751e-09 3.056737412918497034e-08 1.092271181641919838e-07 3.697693529642261365e-07 1.184196387586838560e-06 3.581580344985022659e-06 1.020982677724126050e-05 2.736988117587063160e-05 6.884859876550123998e-05 1.623031276486301450e-04 3.587031396807305078e-04 7.446620921340329265e-04 1.456274428844924656e-03 2.693040009556803976e-03 4.728417178401000086e-03 7.901573472118327349e-03 1.258027939825312816e-02 1.917329942887624830e-02 2.826538897420043106e-02 4.043965031292236223e-02 5.580473600583017030e-02 7.384239349427330901e-02 9.361317157883822238e-02 1.140862422503195195e-01 1.343483356054588906e-01 1.536614171121230554e-01 1.714549116034960186e-01 1.873021913505642788e-01 2.008885001511055979e-01 2.119937879429735217e-01 2.204679370761945811e-01 2.261970175479297296e-01 2.290897342152544425e-01 2.290897342152543592e-01 2.261970175479295075e-01 2.204679370761946366e-01 2.119937879429735217e-01 2.008885001511058199e-01 1.873021913505641123e-01 1.714549116034957132e-01 1.536614171121228056e-01 1.343483356054588074e-01 1.140862422503194640e-01 9.361317157883815299e-02 7.384239349427314247e-02 5.580473600583011479e-02 4.043965031292230672e-02 2.826538897420041371e-02 1.917329942887624830e-02 1.258027939825312816e-02 7.901573472118325614e-03 4.728417178400993147e-03 2.693040009556797471e-03 1.456274428844921186e-03 7.446620921340310834e-04 3.587031396807294236e-04 1.623031276486295216e-04 6.884859876550100959e-05 2.736988117587055028e-05 1.020982677724122831e-05 3.581580344985014188e-06 1.184196387586836654e-06 3.697693529642258718e-07 1.092271181641919838e-07 3.056737412918495710e-08 8.114970486793453443e-09 2.046234025908390223e-09 4.906663628351596264e-10 1.120210695123706071e-10 2.437914538371947818e-11 5.063732182093141522e-12 1.005053760367128114e-12 1.908575647852709352e-13 3.471885245327070494e-14 6.057416765067915715e-15 1.014845535073113136e-15 1.634651590080680608e-16 2.535152879816842667e-17 3.805085564965210067e-18 5.539109896239741536e-19 4.726567664592050377e-20 -1.251239282373448376e-20 -3.865390511079680227e-22
-1.050086811392859954e-20 3.878967680733606500e-20 5.104487277490315477e-19 3.575835127292914226e-18 2.430501387656732301e-17 1.600029754842601328e-16 1.014845535073113136e-15 6.192574681274748252e-15 3.630978394026499711e-14 2.043316417317556807e-13 1.102242621585344367e-12 5.692609339705981173e-12 2.811234903062577662e-11 1.325844393842527233e-10 5.964270304410911473e-10 2.555958673463328712e-09 1.042187986184175175e-08 4.038264729511259352e-08 1.485072030366326028e-07 5.176323687330439358e-07 1.707565558309455193e-06 5.322116906203899002e-06 1.564150531349500116e-05 4.324549596429163234e-05 1.121942097427554210e-04 2.725692945341840010e-04 6.196789869518560959e-04 1.319753330266895544e-03 2.641218862951050326e-03 4.987642069968409135e-03 8.901992723994677642e-03 1.503757105220356050e-02 2.432923370261656781e-02 3.808866333930840259e-02 5.710681451368514183e-02 8.093142129832270326e-02 1.081956736596806079e-01 1.373601681681393405e-01 1.670804620585976119e-01 1.962772744643120071e-01 2.241391708909379332e-01 2.500830784522066752e-01 2.737015700189650014e-01 2.947142873897057314e-01 3.129404802081567349e-01 3.282676788692452385e-01 3.406197004301729225e-01 3.499379523228213218e-01 3.561768169724303101e-01 3.593045853605699724e-01 3.593045853605700835e-01 3.561768169724303101e-01 3.499379523228212108e-01 3.406197004301727005e-01 3.282676788692450165e-01 3.129404802081568460e-01 2.947142873897054538e-01 2.737015700189648348e-01 2.500830784522062866e-01 2.241391708909378222e-01 1.962772744643116740e-01 1.670804620585973899e-01 1.373601681681393405e-01 1.081956736596806079e-01 8.093142129832260612e-02 5.710681451368507244e-02 3.808866333930837483e-02 2.432923370261653312e-02 1.503757105220352233e-02 8.901992723994655091e-03 4.987642069968395257e-03 2.641218862951044688e-03 1.319753330266891424e-03 6.196789869518534938e-04 2.725692945341830252e-04 1.121942097427550009e-04 4.324549596429147648e-05 1.564150531349495034e-05 5.322116906203887144e-06 1.707565558309452016e-06 5.176323687330435122e-07 1.485072030366324705e-07 4.038264729511258690e-08 1.042187986184175506e-08 2.555958673463329953e-09 5.964270304410912507e-10 1.325844393842527491e-10 2.811234903062577662e-11 5.692609339705978750e-12 1.102242621585344569e-12 2.043316417317557059e-13 3.630978394026499080e-14 6.192574681274746674e-15 1.014845535073113136e-15 1.600029754842601082e-16 2.430501387656731068e-17 3.575835127292914226e-18 5.104487277490315477e-19 3.878967680733604694e-20 -1.050086811392859653e-20
2.472329818168260504e-20 4.505520266563272697e-19 3.224739986684050252e-18 2.233840329635302003e-17 1.500445065626969644e-16 9.716620593479805474e-16 6.057416765067915715e-15 3.630978394026499711e-14 2.090289501122961736e-13 1.154271155425808980e-12 6.106471335094921776e-12 3.091074342741942410e-11 1.495260572140401613e-10 6.903397222650397305e-10 3.038069730822114825e-09 1.272833348000026865e-08 5.070263284132176403e-08 1.917824250694029642e-07 6.878813068706443766e-07 2.336148933728241141e-06 7.499626445812007556e-06 2.271273625148732996e-05 6.473715758191512777e-05 1.731780058576086294e-04 4.336224074545624299e-04 1.014352472627000519e-03 2.217724108330645580e-03 4.545946147034790087e-03 8.742247403037882447e-03 1.579983822391846371e-02 2.731776103586027599e-02 4.540783849731224592e-02 7.087969369184768387e-02 1.024794463466648653e-01 1.380596095596094974e-01 1.756136281238170338e-01 2.135543622646497441e-01 2.506983515299798793e-01 2.861896479910139846e-01 3.194352155196704124e-01 3.500609981578753360e-01 3.778368887777393548e-01 4.026174695775089352e-01 4.243177085346473976e-01 4.429141811155922204e-01 4.584148921714815139e-01 4.708122211909068211e-01 4.800778598938303943e-01 4.862064292928192644e-01 4.892431366588492203e-01 4.892431366588494424e-01 4.862064292928192089e-01 4.800778598938307828e-01 4.708122211909067656e-01 4.584148921714812364e-01 4.429141811155924424e-01 4.243177085346477861e-01 4.026174695775091017e-01 3.778368887777391327e-01 3.500609981578752250e-01 3.194352155196704124e-01 2.861896479910137625e-01 2.506983515299797682e-01 2.135543622646494666e-01 1.756136281238169228e-01 1.380596095596093587e-01 1.024794463466647820e-01 7.087969369184757285e-02 4.540783849731212102e-02 2.731776103586021007e-02 1.579983822391841514e-02 8.742247403037859896e-03 4.545946147034774475e-03 2.217724108330638641e-03 1.014352472626997483e-03 4.336224074545609662e-04 1.731780058576082228e-04 6.473715758191497869e-05 2.271273625148728930e-05 7.499626445812000780e-06 2.336148933728241141e-06 6.878813068706436355e-07 1.917824250694028583e-07 5.070263284132176403e-08 1.272833348000028023e-08 3.038069730822116480e-09 6.903397222650397305e-10 1.495260572140401613e-10 3.091074342741939825e-11 6.106471335094923391e-12 1.154271155425809182e-12 2.090289501122961736e-13 3.630978394026499080e-14 6.057416765067914926e-15 9.716620593479797586e-16 1.500445065626968658e-16 2.233840329635302003e-17 3.224739986684051022e-18 4.505520266563272697e-19 2.472329818168259902e-20
3.358747792738285281e-19 2.813254228507912464e-18 1.966280562944076190e-17 1.347967077608871654e-16 8.906695081671921515e-16 5.669197896810915687e-15 3.471885245327070494e-14 2.043316417317556807e-13 1.154271155425808980e-12 6.250945669572398738e-12 3.241183011203774064e-11 1.607048345585506683e-10 7.609660381682651423e-10 3.436793431661257695e-09 1.478536164379450430e-08 6.051103259188883779e-08 2.352791827484568646e-07 8.679137439911563108e-07 3.032948915054538644e-06 1.002351171734557407e-05 3.126683470877808480e-05 9.183625386896211360e-05 2.532511664992529886e-04 6.535514130492561932e-04 1.573882090506161131e-03 3.536841855173568881e-03 7.411904410359265206e-03 1.447794478208111642e-02 2.689336363047604289e-02 4.769349052018959784e-02 7.796225168492153246e-02 1.158145447795710520e-01 1.583987755581615087e-01 2.031972821343102920e-01 2.483295310561343949e-01 2.924956632184116945e-01 3.348242765978507451e-01 3.747179310665952889e-01 4.117812492903407673e-01 4.457776468017221605e-01 4.765809633422288250e-01 5.041180020082922653e-01 5.283689707654702916e-01 5.493579872804104092e-01 5.671507129604879127e-01 5.818251051009631913e-01 5.934387213434861863e-01 6.020224827544808921e-01 6.076312759744245673e-01 6.103802982445161174e-01 6.103802982445157843e-01 6.076312759744253444e-01 6.020224827544814472e-01 5.934387213434864083e-01 5.818251051009631913e-01 5.671507129604883568e-01 5.493579872804108533e-01 5.283689707654698475e-01 5.041180020082923763e-01 4.765809633422291580e-01 4.457776468017223270e-01 4.117812492903415444e-01 3.747179310665956220e-01 3.348242765978510227e-01 2.924956632184117500e-01 2.483295310561343949e-01 2.031972821343101532e-01 1.583987755581612311e-01 1.158145447795707467e-01 7.796225168492144919e-02 4.769349052018947294e-02 2.689336363047596309e-02 1.447794478208107999e-02 7.411904410359245257e-03 3.536841855173556738e-03 1.573882090506155710e-03 6.535514130492546753e-04 2.532511664992525007e-04 9.183625386896192386e-05 3.126683470877803737e-05 1.002351171734557407e-05 3.032948915054536950e-06 8.679137439911558873e-07 2.352791827484566000e-07 6.051103259188887749e-08 1.478536164379451091e-08 3.436793431661256454e-09 7.609660381682650389e-10 1.607048345585506683e-10 3.241183011203773417e-11 6.250945669572397122e-12 1.154271155425808374e-12 2.043316417317557564e-13 3.471885245327070494e-14 5.669197896810912531e-15 8.906695081671917571e-16 1.347967077608871408e-16 1.966280562944075882e-17 2.813254228507912078e-18 3.358747792738284318e-19
1.986037386042648399e-18 1.686504479379746821e-17 1.158381048428641052e-16 7.815813864070003974e-16 5.076087939116159838e-15 3.174100447516717426e-14 1.908575647852708343e-13 1.102242621585344367e-12 6.106471335094921776e-12 3.241183011203774064e-11 1.646123952649627333e-10 7.989251379128921159e-10 3.700564940909057402e-09 1.633720580478360739e-08 6.865286970996068978e-08 2.742349278063770798e-07 1.039823590714111881e-06 3.736949423791213462e-06 1.270776432836793321e-05 4.080999440045041885e-05 1.234722350666232705e-04 3.509040639687034083e-04 9.333347878400290740e-04 2.315640848748408247e-03 5.346301637620987611e-03 1.143148930237597449e-02 2.295800706610569633e-02 4.392304687469894553e-02 7.649732216400441376e-02 1.186220632434486083e-01 1.667198363715328702e-01 2.176580896618953709e-01 2.691645856823034477e-01 3.197301535131825689e-01 3.684068504129558441e-01 4.145812916861139619e-01 4.578091096672133875e-01 4.977432945600968051e-01 5.341645239187159389e-01 5.669683831605635271e-01 5.961211913453016153e-01 6.216412674601369259e-01 6.436428654215675671e-01 6.623036669505543150e-01 6.778095113502975444e-01 6.903278798685961171e-01 7.000301774852072390e-01 7.070905364310653418e-01 7.116738046542366858e-01 7.139196867598226470e-01 7.139196867598229801e-01 7.116738046542367968e-01 7.070905364310661190e-01 7.000301774852081271e-01 6.903278798685970052e-01 6.778095113502987656e-01 6.623036669505544261e-01 6.436428654215680112e-01 6.216412674601371480e-01 5.961211913453018374e-01 5.669683831605635271e-01 5.341645239187161609e-01 4.977432945600974712e-01 4.578091096672142757e-01 4.145812916861143504e-01 3.684068504129562882e-01 3.197301535131827910e-01 2.691645856823036143e-01 2.176580896618950378e-01 1.667198363715327591e-01 1.186220632434485944e-01 7.649732216400421947e-02 4.392304687469883451e-02 2.295800706610562347e-02 1.143148930237594847e-02 5.346301637620974601e-03 2.315640848748402609e-03 9.333347878400277730e-04 3.509040639687030288e-04 1.234722350666231621e-04 4.080999440045041208e-05 1.270776432836793491e-05 3.736949423791213039e-06 1.039823590714111881e-06 2.742349278063772386e-07 6.865286970996075595e-08 1.633720580478360408e-08 3.700564940909057402e-09 7.989251379128919091e-10 1.646123952649626299e-10 3.241183011203772125e-11 6.106471335094917737e-12 1.102242621585343559e-12 1.908575647852707585e-13 3.174100447516713639e-14 5.076087939116157471e-15 7.815813864070000030e-16 1.158381048428640066e-16 1.686504479379745897e-17 1.986037386042647243e-18
1.144571365516300919e-17 9.705994710130122122e-17 6.554257767336018634e-16 4.347939556988656304e-15 2.774150585213124872e-14 1.703282683333855948e-13 1.005053760367128316e-12 5.692609339705981173e-12 3.091074342741942410e-11 1.607048345585506683e-10 7.989251379128921159e-10 3.792885766946540623e-09 1.717285060994592010e-08 7.405237116643774172e-08 3.037126822766550416e-07 1.183033286529818878e-06 4.370047634007049305e-06 1.528300926080649667e-05 5.050441845783075381e-05 1.573342159024252189e-04 4.606796295913218107e-04 1.262873332764210361e-03 3.228685277880913394e-03 7.651667279149332139e-03 1.678476317625404723e-02 3.498900172164829542e-02 6.657165857717514679e-02 1.104190745807602930e-01 1.622759910576147546e-01 2.181765537783071363e-01 2.752971721605350086e-01 3.318248779777270840e-01 3.866221005263989485e-01 4.389368052141603971e-01 4.882082616986456181e-01 5.339496499172088351e-01 5.757414263994746761e-01 6.132937114965083536e-01 6.465070667780919988e-01 6.754357879937920028e-01 7.002339493759607292e-01 7.211273781178362263e-01 7.384488258519972259e-01 7.525877294700265008e-01 7.639066482099333699e-01 7.726984573662302180e-01 7.792519457916446957e-01 7.838880079910703902e-01 7.868825125675575904e-01 7.883660129348832868e-01 7.883660129348829537e-01 7.868825125675575904e-01 7.838880079910710563e-01 7.792519457916459169e-01 7.726984573662312172e-01 7.639066482099333699e-01 7.525877294700268338e-01 7.384488258519988912e-01 7.211273781178368925e-01 7.002339493759605071e-01 6.754357879937918918e-01 6.465070667780919988e-01 6.132937114965087977e-01 5.757414263994746761e-01 5.339496499172090571e-01 4.882082616986460621e-01 4.389368052141607301e-01 3.866221005263992816e-01 3.318248779777275281e-01 2.752971721605350086e-01 2.181765537783069975e-01 1.622759910576145326e-01 1.104190745807602236e-01 6.657165857717498025e-02 3.498900172164822603e-02 1.678476317625401948e-02 7.651667279149321731e-03 3.228685277880907756e-03 1.262873332764209060e-03 4.606796295913215397e-04 1.573342159024252189e-04 5.050441845783077414e-05 1.528300926080649328e-05 4.370047634007050999e-06 1.183033286529818455e-06 3.037126822766552534e-07 7.405237116643775496e-08 1.717285060994592010e-08 3.792885766946540623e-09 7.989251379128919091e-10 1.607048345585506425e-10 3.091074342741937887e-11 5.692609339705973903e-12 1.005053760367127508e-12 1.703282683333855948e-13 2.774150585213124241e-14 4.347939556988653938e-15 6.554257767336015675e-16 9.705994710130118424e-17 1.144571365516300611e-17
6.376990039929187412e-17 5.360676956334517300e-16 3.555554219185085376e-15 2.317749579089232791e-14 1.452095085696444436e-13 8.749666123479749875e-13 5.063732182093140715e-12 2.811234903062577662e-11 1.495260572140401613e-10 7.609660381682651423e-10 3.700564940909057402e-09 1.717285060994592010e-08 7.594456632045928194e-08 3.196151107976446223e-07 1.278235644285521483e-06 4.850541495204826800e-06 1.743605987191701188e-05 5.926059219745723531e-05 1.899965329833658311e-04 5.729477734910813809e-04 1.618505058858272540e-03 4.263475103781410626e-03 1.037893187841644645e-02 2.362113437125985815e-02 5.022643584657126431e-02 9.225784733113144565e-02 1.455154784002473944e-01 2.049215312131071887e-01 2.667583642934532873e-01 3.287318636234947689e-01 3.894477421783826832e-01 4.479226690797072363e-01 5.033095461707627338e-01 5.548467294484371592e-01 6.018944727832233887e-01 6.439633500196387805e-01 6.807729912639837178e-01 7.122912947886078650e-01 7.387152473091607163e-01 7.603989557718762171e-01 7.777900198769464035e-01 7.914063354094046376e-01 8.018173856448109760e-01 8.095806158379529327e-01 8.152030086843894408e-01 8.191100697861557478e-01 8.216891804747893380e-01 8.233248842756752950e-01 8.243304702292216790e-01 8.248331954734366978e-01 8.248331954734361426e-01 8.243304702292220121e-01 8.233248842756756281e-01 8.216891804747887829e-01 8.191100697861549707e-01 8.152030086843876644e-01 8.095806158379522666e-01 8.018173856448113090e-01 7.914063354094050817e-01 7.777900198769449602e-01 7.603989557718755510e-01 7.387152473091604943e-01 7.122912947886071988e-01 6.807729912639832737e-01 6.439633500196381144e-01 6.018944727832233887e-01 5.548467294484374923e-01 5.033095461707632889e-01 4.479226690797076804e-01 3.894477421783824611e-01 3.287318636234946578e-01 2.667583642934535093e-01 2.049215312131071887e-01 1.455154784002473389e-01 9.225784733113125136e-02 5.022643584657112553e-02 2.362113437125981305e-02 1.037893187841643257e-02 4.263475103781403687e-03 1.618505058858271889e-03 5.729477734910812725e-04 1.899965329833659124e-04 5.926059219745722175e-05 1.743605987191702882e-05 4.850541495204827647e-06 1.278235644285521695e-06 3.196151107976443046e-07 7.594456632045922900e-08 1.717285060994590025e-08 3.700564940909056989e-09 7.609660381682649355e-10 1.495260572140400580e-10 2.811234903062575400e-11 5.063732182093135868e-12 8.749666123479742807e-13 1.452095085696444941e-13 2.317749579089233422e-14 3.555554219185085376e-15 5.360676956334517300e-16 6.376990039929183714e-17
3.408866269180609284e-16 2.837090233762367244e-15 1.846961365090592560e-14 1.182511619695266756e-13 7.271089131086076242e-13 4.297397982469723142e-12 2.437914538371946849e-11 1.325844393842527233e-10 6.903397222650397305e-10 3.436793431661257695e-09 1.633720580478360739e-08 7.405237116643774172e-08 3.196151107976446223e-07 1.311638696640322437e-06 5.110223642555939704e-06 1.887083293322430931e-05 6.592705383423136476e-05 2.174165023302489913e-04 6.749076458674491304e-04 1.964102567567220774e-03 5.331612390187727077e-03 1.337123122375949782e-02 3.166603324374520773e-02 6.699228788693156744e-02 1.180487916325771436e-01 1.787960239282077590e-01 2.440878662033142965e-01 3.107418117835036298e-01 3.769519802378036299e-01 4.414884136821657923e-01 5.031869681031043706e-01 5.608684639762533397e-01 6.134723777275538081e-01 6.602191027672137391e-01 7.006609770437058904e-01 7.346578173455142746e-01 7.623653133772335666e-01 7.841833111431373293e-01 8.006831485258202319e-01 8.125178346769031945e-01 8.203927528760357468e-01 8.250759356128887223e-01 8.273353597127452996e-01 8.278178107448668221e-01 8.270735122837614695e-01 8.256106165047524259e-01 8.239036011831036843e-01 8.223544871571280002e-01 8.212407036085531686e-01 8.206848309298858668e-01 8.206848309298855337e-01 8.212407036085539458e-01 8.223544871571268899e-01 8.239036011831029072e-01 8.256106165047509826e-01 8.270735122837592490e-01 8.278178107448649348e-01 8.273353597127449666e-01 8.250759356128885003e-01 8.203927528760345256e-01 8.125178346769015292e-01 8.006831485258198988e-01 7.841833111431368852e-01 7.623653133772326784e-01 7.346578173455128313e-01 7.006609770437050022e-01 6.602191027672135171e-01 6.134723777275535861e-01 5.608684639762533397e-01 5.031869681031040376e-01 4.414884136821655702e-01 3.769519802378037410e-01 3.107418117835038518e-01 2.440878662033143520e-01 1.787960239282075925e-01 1.180487916325769215e-01 6.699228788693138703e-02 3.166603324374515221e-02 1.337123122375949436e-02 5.331612390187728812e-03 1.964102567567220341e-03 6.749076458674492388e-04 2.174165023302489913e-04 6.592705383423137831e-05 1.887083293322430592e-05 5.110223642555938857e-06 1.311638696640322437e-06 3.196151107976444634e-07 7.405237116643776819e-08 1.633720580478360408e-08 3.436793431661256041e-09 6.903397222650392135e-10 1.325844393842526199e-10 2.437914538371944910e-11 4.297397982469719911e-12 7.271089131086070183e-13 1.182511619695266504e-13 1.846961365090592560e-14 2.837090233762366849e-15 3.408866269180605339e-16
1.744400553713783203e-15 1.436885082128170474e-14 9.175979899069354599e-14 5.767458586024811363e-13 3.478736143517473162e-12 2.015590471324725476e-11 1.120210695123706718e-10 5.964270304410911473e-10 3.038069730822114825e-09 1.478536164379450430e-08 6.865286970996068978e-08 3.037126822766550416e-07 1.278235644285521483e-06 5.110223642555939704e-06 1.937485542161656858e-05 6.953665541607027280e-05 2.357384840283099849e-04 7.528563467159557401e-04 2.256253757834244308e-03 6.312156806871208926e-03 1.636791963100689765e-02 4.003310117960252879e-02 8.324275605487549412e-02 1.416876030872659675e-01 2.083820754608607939e-01 2.784947503561633342e-01 3.494263600761483568e-01 4.196309945795798635e-01 4.876667214915789139e-01 5.519267284256343942e-01 6.108249750540909462e-01 6.630978226225315852e-01 7.079528951695603922e-01 7.450971773931029940e-01 7.746169491346541758e-01 7.968620034674003261e-01 8.124518184399006637e-01 8.222025446607265087e-01 8.269897500339334906e-01 8.276878333501294094e-01 8.252008678912967632e-01 8.204333439530352434e-01 8.142346187809242908e-01 8.073064449174824908e-01 8.001890079742252082e-01 7.933782459674022514e-01 7.873698911654190002e-01 7.826058191287891264e-01 7.793803728082374649e-01 7.777839231316124868e-01 7.777839231316124868e-01 7.793803728082379090e-01 7.826058191287887933e-01 7.873698911654187782e-01 7.933782459674012522e-01 8.001890079742243200e-01 8.073064449174820467e-01 8.142346187809258451e-01 8.204333439530359096e-01 8.252008678912968742e-01 8.276878333501287432e-01 8.269897500339334906e-01 8.222025446607255095e-01 8.124518184398989984e-01 7.968620034673978836e-01 7.746169491346527325e-01 7.450971773931017728e-01 7.079528951695601702e-01 6.630978226225308081e-01 6.108249750540907241e-01 5.519267284256341721e-01 4.876667214915789139e-01 4.196309945795798080e-01 3.494263600761483568e-01 2.784947503561634452e-01 2.083820754608606274e-01 1.416876030872656900e-01 8.324275605487538310e-02 4.003310117960250103e-02 1.636791963100690112e-02 6.312156806871200253e-03 2.256253757834243007e-03 7.528563467159551980e-04 2.357384840283099578e-04 6.953665541607027280e-05 1.937485542161656519e-05 5.110223642555938857e-06 1.278235644285521695e-06 3.037126822766548828e-07 6.865286970996065007e-08 1.478536164379449106e-08 3.038069730822112757e-09 5.964270304410909405e-10 1.120210695123705037e-10 2.015590471324724183e-11 3.478736143517468719e-12 5.767458586024803285e-13 9.175979899069349551e-14 1.436885082128170474e-14 1.744400553713781625e-15
