-8.029546468757473941e-24 5.021754576521901833e-24 6.229380243567475754e-23 -3.555099501857614118e-23 -4.006523433055627648e-22 2.488430207643020644e-22 2.785519891030389202e-21 8.302500036297985461e-23 -1.216236449810078146e-20 1.655248349648424984e-20 3.241129186118795110e-19 2.061095112826176817e-18 1.283183014066262363e-17 7.668659924783992695e-17 4.365237420673264661e-16 2.362136901708619006e-15 1.213586452788601757e-14 5.913642145854413978e-14 2.730503459240544382e-13 1.193584201900952379e-12 4.935586090687449753e-12 1.929218598402873264e-11 7.123298286288223025e-11 2.482775110563380426e-10 8.162486638327717421e-10 2.528998042445184158e-09 7.376312070438976537e-09 2.022744479373181979e-08 5.208619791280899359e-08 1.258556132381317040e-07 2.854323423677215210e-07 6.085333583376514355e-07 1.222869357296195022e-06 2.323638111473404117e-06 4.187832329373406657e-06 7.178991382314083709e-06 1.173632015888838958e-05 1.834438654528171032e-05 2.748190253871372768e-05 3.955089569566849235e-05 5.479075290677887629e-05 7.318924766011953773e-05 9.440287022607168584e-05 1.177104808982058152e-04 1.420062502814095520e-04 1.658504825578598475e-04 1.876572616503094468e-04 2.057960199188238394e-04 2.188127872774546588e-04 2.256128956624178295e-04 2.256128956624178295e-04 2.188127872774546588e-04 2.057960199188238394e-04 1.876572616503094197e-04 1.658504825578598746e-04 1.420062502814095791e-04 1.177104808982058288e-04 9.440287022607168584e-05 7.318924766011953773e-05 5.479075290677888307e-05 3.955089569566849235e-05 2.748190253871372768e-05 1.834438654528171032e-05 1.173632015888839297e-05 7.178991382314078627e-06 4.187832329373402422e-06 2.323638111473402000e-06 1.222869357296192904e-06 6.085333583376501649e-07 2.854323423677205681e-07 1.258556132381311217e-07 5.208619791280875536e-08 2.022744479373172052e-08 7.376312070438938487e-09 2.528998042445172991e-09 8.162486638327687436e-10 2.482775110563373188e-10 7.123298286288203638e-11 1.929218598402869063e-11 4.935586090687442483e-12 1.193584201900951167e-12 2.730503459240542362e-13 5.913642145854412716e-14 1.213586452788601284e-14 2.362136901708618218e-15 4.365237420673265154e-16 7.668659924783992695e-17 1.283183014066263442e-17 2.061095112826180669e-18 3.241129186118811480e-19 1.655248349648440933e-20 -1.216236449810122232e-20 8.302500036264592017e-23 2.785519891030362119e-21 2.488430207643897093e-22 -4.006523433055236444e-22 -3.555099501858511021e-23 6.229380243566324945e-23 5.021754576520862255e-24 -8.029546468755701883e-24
5.021754576521901833e-24 6.966419532390563841e-23 -4.007154353624647792e-23 -4.615635859867026913e-22 3.230984891192616601e-22 3.260991702051597515e-21 -5.048277245290973058e-22 -1.481367060194165622e-20 2.991250681722958942e-20 4.386253411972541245e-19 2.955514454306467393e-18 1.916472980614867244e-17 1.185085604702199829e-16 6.983621942997962841e-16 3.916275561759594302e-15 2.087341397339723203e-14 1.056257915784084359e-13 5.069475403920944038e-13 2.305485963848528355e-12 9.926348478611256827e-12 4.042927524825003767e-11 1.556533862930514051e-10 5.660655605040110337e-10 1.943130824162413397e-09 6.290856323231799692e-09 1.918960437736759537e-08 5.508800431131996311e-08 1.486329832107878508e-07 3.764983743134066317e-07 8.950176090067801138e-07 1.998116917955128156e-06 4.197104405832351967e-06 8.318289773296858478e-06 1.560353432220284615e-05 2.778405077041323732e-05 4.708770851623564265e-05 7.614436856980989353e-05 1.177710109064952787e-04 1.746367593963725126e-04 2.488279829291045048e-04 3.413551768678311452e-04 4.516784526396910903e-04 5.773237260734479220e-04 7.137301904569269074e-04 8.542987410756348573e-04 9.908604550174829849e-04 1.114624471765283346e-03 1.216790678389360891e-03 1.289680950582887007e-03 1.327617337115420118e-03 1.327617337115420118e-03 1.289680950582887007e-03 1.216790678389360674e-03 1.114624471765282912e-03 9.908604550174827681e-04 8.542987410756348573e-04 7.137301904569269074e-04 5.773237260734479220e-04 4.516784526396910903e-04 3.413551768678311452e-04 2.488279829291045048e-04 1.746367593963724584e-04 1.177710109064952787e-04 7.614436856980987998e-05 4.708770851623562232e-05 2.778405077041321700e-05 1.560353432220282921e-05 8.318289773296843231e-06 4.197104405832342650e-06 1.998116917955120957e-06 8.950176090067764080e-07 3.764983743134048847e-07 1.486329832107871361e-07 5.508800431131969841e-08 1.918960437736751596e-08 6.290856323231778186e-09 1.943130824162408434e-09 5.660655605040097929e-10 1.556533862930511207e-10 4.042927524824999243e-11 9.926348478611247134e-12 2.305485963848527143e-12 5.069475403920943029e-13 1.056257915784084359e-13 2.087341397339723519e-14 3.916275561759595091e-15 6.983621942997965799e-16 1.185085604702200322e-16 1.916472980614868169e-17 2.955514454306473171e-18 4.386253411972560504e-19 2.991250681722983016e-20 -1.481367060194206548e-20 -5.048277245294286071e-22 3.260991702051559147e-21 3.230984891193423931e-22 -4.615635859866628185e-22 -4.007154353625261988e-23 6.966419532389512949e-23 5.021754576520343568e-24
6.229380243567475754e-23 -4.007154353624647792e-23 -4.691123707007929472e-22 3.645639094584855725e-22 3.358845098401149509e-21 -9.688325437544246939e-22 -1.550230187556098921e-20 3.966249852004713710e-20 5.090089414241730851e-19 3.489574337817217159e-18 2.304634778187600160e-17 1.460899459170089270e-16 8.831546512473129564e-16 5.083659576274842151e-15 2.783130418711701955e-14 1.447517906384525779e-13 7.144711361257272944e-13 3.343309166682936984e-12 1.481791843870158752e-11 6.214880476342011668e-11 2.464647518860420649e-10 9.234457276524414188e-10 3.266333477654222513e-09 1.089769954522201823e-08 3.426156472603309893e-08 1.013807466349227862e-07 2.819389853425987473e-07 7.358130970106281264e-07 1.800394240597897282e-06 4.130443990632903860e-06 8.897451701375227090e-06 1.804239525676598120e-05 3.455375046855488678e-05 6.270554884329819186e-05 1.081578400584820744e-04 1.778180003027320121e-04 2.794062979826028950e-04 4.207166973578831516e-04 6.085830767256620623e-04 8.476349811944401463e-04 1.139007623548916317e-03 1.479216053067368419e-03 1.859408185509088020e-03 2.265306232485125686e-03 2.677483669017151173e-03 3.073161832133253397e-03 3.428146682322416854e-03 3.718805438271191848e-03 3.924926662471139166e-03 4.031796263522366072e-03 4.031796263522366072e-03 3.924926662471138299e-03 3.718805438271191414e-03 3.428146682322416854e-03 3.073161832133253397e-03 2.677483669017151173e-03 2.265306232485125252e-03 1.859408185509087586e-03 1.479216053067367769e-03 1.139007623548916317e-03 8.476349811944401463e-04 6.085830767256621707e-04 4.207166973578829348e-04 2.794062979826028408e-04 1.778180003027319850e-04 1.081578400584819796e-04 6.270554884329813765e-05 3.455375046855482579e-05 1.804239525676594054e-05 8.897451701375198291e-06 4.130443990632886919e-06 1.800394240597889236e-06 7.358130970106249501e-07 2.819389853425974767e-07 1.013807466349224024e-07 3.426156472603297982e-08 1.089769954522198679e-08 3.266333477654217136e-09 9.234457276524398678e-10 2.464647518860419615e-10 6.214880476342009083e-11 1.481791843870158429e-11 3.343309166682936176e-12 7.144711361257273954e-13 1.447517906384526536e-13 2.783130418711703848e-14 5.083659576274845306e-15 8.831546512473130550e-16 1.460899459170089764e-16 2.304634778187601393e-17 3.489574337817221781e-18 5.090089414241750110e-19 3.966249852004740192e-20 -1.550230187556132625e-20 -9.688325437547041794e-22 3.358845098401110389e-21 3.645639094585478267e-22 -4.691123707007589048e-22 -4.007154353624924034e-23 6.229380243566752825e-23
-3.555099501857614118e-23 -4.615635859867026913e-22 3.645639094584855725e-22 3.381609961080476014e-21 -1.204401478082005347e-21 -1.575973902684604133e-20 4.714385790861095249e-20 5.644535454923752645e-19 3.963767045790649567e-18 2.684715264589587628e-17 1.745061271981251003e-16 1.082366183793554954e-15 6.397271080154409780e-15 3.598850553470989950e-14 1.924834839412582187e-13 9.777033462740613403e-13 4.711347197052822234e-12 2.151643449484119158e-11 9.304030385916782558e-11 3.805932187153618824e-10 1.471543478531510457e-09 5.373380305039041190e-09 1.851447820829308100e-08 6.013791351142013111e-08 1.839333431431535015e-07 5.289781144264527699e-07 1.428177070704905881e-06 3.614710470091768354e-06 8.571740991847807731e-06 1.905992047521365060e-05 3.982595461763135502e-05 7.844355124200673359e-05 1.461550340644172203e-04 2.584689594735587424e-04 4.352096971278108682e-04 6.997124824293934290e-04 1.077073571712566834e-03 1.591498002943834630e-03 2.263009508318279250e-03 3.103906209175191083e-03 4.114728480486885311e-03 5.280344352040296403e-03 6.567830814609846787e-03 7.927116022086415706e-03 9.292596991553356972e-03 1.059050184371200867e-02 1.174442313332066043e-02 1.268226795109569233e-02 1.334372748111916501e-02 1.368555524981054927e-02 1.368555524981054927e-02 1.334372748111916501e-02 1.268226795109569233e-02 1.174442313332066043e-02 1.059050184371200694e-02 9.292596991553353503e-03 7.927116022086413971e-03 6.567830814609846787e-03 5.280344352040297271e-03 4.114728480486885311e-03 3.103906209175191083e-03 2.263009508318279250e-03 1.591498002943834197e-03 1.077073571712566617e-03 6.997124824293929953e-04 4.352096971278105429e-04 2.584689594735585256e-04 1.461550340644170035e-04 7.844355124200657096e-05 3.982595461763123983e-05 1.905992047521357945e-05 8.571740991847770461e-06 3.614710470091750567e-06 1.428177070704899528e-06 5.289781144264506523e-07 1.839333431431529192e-07 6.013791351141995905e-08 1.851447820829304460e-08 5.373380305039035400e-09 1.471543478531509423e-09 3.805932187153616756e-10 9.304030385916782558e-11 2.151643449484119158e-11 4.711347197052823042e-12 9.777033462740615422e-13 1.924834839412582944e-13 3.598850553470991843e-14 6.397271080154413724e-15 1.082366183793555546e-15 1.745061271981251496e-16 2.684715264589589477e-17 3.963767045790654189e-18 5.644535454923769015e-19 4.714385790861117518e-20 -1.575973902684629109e-20 -1.204401478082215431e-21 3.381609961080436517e-21 3.645639094585253983e-22 -4.615635859866765483e-22 -3.555099501857469533e-23
-4.006523433055627648e-22 3.230984891192616601e-22 3.358845098401149509e-21 -1.204401478082005347e-21 -1.583849616032698511e-20 5.109650047767922442e-20 6.003719199846236931e-19 4.315893672565864073e-18 2.992489944340658517e-17 1.992133471749974674e-16 1.266489852439244125e-15 7.678320359469818844e-15 4.434186486956311993e-14 2.436390791104091796e-13 1.272255563571027375e-12 6.306933077026935636e-12 2.964956407605014160e-11 1.320492885571917314e-10 5.566159922240788846e-10 2.218610547120384754e-09 8.354626096562870296e-09 2.969632663585194491e-08 9.953738009674836982e-08 3.142596251915325980e-07 9.332834798914531786e-07 2.602793697410305082e-06 6.804594609845678823e-06 1.665558994378131492e-05 3.817091162989865415e-05 8.203770465024169439e-05 1.658192783025859386e-04 3.163296834653487829e-04 5.716351238534066138e-04 9.817997933448258108e-04 1.607610839528663370e-03 2.517318564214903690e-03 3.781629191393265713e-03 5.464109795563844817e-03 7.608857045873888142e-03 1.022809627774503259e-02 1.329267243305183414e-02 1.673760065484818441e-02 2.047441370982663184e-02 2.438832966413422357e-02 2.831999064197897320e-02 3.207078699352094997e-02 3.541709067871320893e-02 3.814282104087510922e-02 4.006698603753609811e-02 4.106151719089728980e-02 4.106151719089728980e-02 4.006698603753609117e-02 3.814282104087510228e-02 3.541709067871320893e-02 3.207078699352094997e-02 2.831999064197896626e-02 2.438832966413422357e-02 2.047441370982663184e-02 1.673760065484818441e-02 1.329267243305183414e-02 1.022809627774503086e-02 7.608857045873888142e-03 5.464109795563843949e-03 3.781629191393264845e-03 2.517318564214902389e-03 1.607610839528661852e-03 9.817997933448245097e-04 5.716351238534056380e-04 3.163296834653480782e-04 1.658192783025855049e-04 8.203770465024138269e-05 3.817091162989849152e-05 1.665558994378123699e-05 6.804594609845647483e-06 2.602793697410294494e-06 9.332834798914500022e-07 3.142596251915318039e-07 9.953738009674817129e-08 2.969632663585191514e-08 8.354626096562863678e-09 2.218610547120383927e-09 5.566159922240786778e-10 1.320492885571917314e-10 2.964956407605014160e-11 6.306933077026936443e-12 1.272255563571027981e-12 2.436390791104093311e-13 4.434186486956315780e-14 7.678320359469820422e-15 1.266489852439244914e-15 1.992133471749975906e-16 2.992489944340660982e-17 4.315893672565868695e-18 6.003719199846249449e-19 5.109650047767940497e-20 -1.583849616032714761e-20 -1.204401478082155810e-21 3.358845098401105875e-21 3.230984891192807502e-22 -4.006523433055429225e-22
2.488430207643020644e-22 3.260991702051597515e-21 -9.688325437544246939e-22 -1.575973902684604133e-20 5.109650047767922442e-20 6.128424974198046710e-19 4.503250341965649857e-18 3.193575720545547335e-17 2.175742820642033296e-16 1.416639764527371663e-15 8.802769200953011227e-15 5.214224108071860773e-14 2.940813965095693300e-13 1.577441765989354784e-12 8.038131726015934895e-12 3.886814232427527038e-11 1.781588845678061735e-10 7.733104806903768902e-10 3.175477704863432368e-09 1.232427077464142870e-08 4.516456695536153446e-08 1.561291912357044531e-07 5.085471606954809179e-07 1.558673800805139373e-06 4.487849059687409399e-06 1.211557632567065366e-05 3.061220421791542335e-05 7.233321101728596109e-05 1.599742677048364176e-04 3.319752554046404491e-04 6.486228007444246090e-04 1.197558687977669668e-03 2.097267818984626091e-03 3.497935431172011049e-03 5.573786896934075467e-03 8.502844023463091566e-03 1.243720252566214018e-02 1.749600586479894970e-02 2.382738514640285118e-02 3.158942622417418994e-02 4.076833677344676721e-02 5.107692907409603494e-02 6.201837407762500476e-02 7.300106554883022125e-02 8.343854569455574910e-02 9.283239831312196932e-02 1.007834459329130516e-01 1.069968805104976467e-01 1.112605958326582101e-01 1.134300661535316002e-01 1.134300661535316002e-01 1.112605958326582517e-01 1.069968805104976467e-01 1.007834459329130516e-01 9.283239831312198320e-02 8.343854569455572134e-02 7.300106554883020737e-02 6.201837407762499782e-02 5.107692907409603494e-02 4.076833677344678109e-02 3.158942622417418300e-02 2.382738514640283731e-02 1.749600586479894623e-02 1.243720252566213151e-02 8.502844023463086362e-03 5.573786896934070263e-03 3.497935431172007580e-03 2.097267818984622188e-03 1.197558687977667499e-03 6.486228007444228743e-04 3.319752554046393107e-04 1.599742677048357942e-04 7.233321101728563583e-05 3.061220421791529460e-05 1.211557632567060962e-05 4.487849059687395847e-06 1.558673800805135773e-06 5.085471606954801768e-07 1.561291912357042414e-07 4.516456695536150799e-08 1.232427077464142705e-08 3.175477704863432368e-09 7.733104806903769936e-10 1.781588845678062769e-10 3.886814232427529623e-11 8.038131726015938126e-12 1.577441765989355794e-12 2.940813965095694814e-13 5.214224108071863298e-14 8.802769200953017538e-15 1.416639764527372846e-15 2.175742820642035268e-16 3.193575720545549183e-17 4.503250341965652939e-18 6.128424974198056340e-19 5.109650047767941099e-20 -1.575973902684611054e-20 -9.688325437545270089e-22 3.260991702051544477e-21 2.488430207643020644e-22
2.785519891030389202e-21 -5.048277245290973058e-22 -1.550230187556098921e-20 4.714385790861095249e-20 6.003719199846236931e-19 4.503250341965649857e-18 3.263518935466922008e-17 2.273705759268832926e-16 1.515025713978297599e-15 9.641215606137554885e-15 5.852953289984481192e-14 3.385676041031069652e-13 1.863963542895041277e-12 9.755484743662555600e-12 4.848256417715489087e-11 2.285420921796039549e-10 1.020763311048094249e-09 4.315314538065747760e-09 1.725005882999045004e-08 6.513632183222482096e-08 2.320906715773366323e-07 7.794652190294921509e-07 2.464108360112910008e-06 7.320435747433703323e-06 2.039687051161086722e-05 5.318656523031197944e-05 1.295831725470955717e-04 2.949757035198434020e-04 6.284973790859345148e-04 1.257156123746029424e-03 2.370315579668656400e-03 4.232842898630136130e-03 7.181097369093250755e-03 1.158555033989113782e-02 1.783410030860123341e-02 2.650494584471899812e-02 3.828751342530042207e-02 5.340116882982690744e-02 7.136596173570343427e-02 9.120399231424546060e-02 1.118150000240057257e-01 1.322370620328991719e-01 1.517067273611385492e-01 1.696408536771176756e-01 1.856082285044903801e-01 1.992933256078196214e-01 2.104766763672439034e-01 2.190102423836320367e-01 2.247812285438889057e-01 2.276963239873489586e-01 2.276963239873489586e-01 2.247812285438889335e-01 2.190102423836320367e-01 2.104766763672439034e-01 1.992933256078197046e-01 1.856082285044903801e-01 1.696408536771176756e-01 1.517067273611385492e-01 1.322370620328991719e-01 1.118150000240056979e-01 9.120399231424546060e-02 7.136596173570342039e-02 5.340116882982687968e-02 3.828751342530040819e-02 2.650494584471898771e-02 1.783410030860121259e-02 1.158555033989112568e-02 7.181097369093239480e-03 4.232842898630127457e-03 2.370315579668650328e-03 1.257156123746025521e-03 6.284973790859320212e-04 2.949757035198421551e-04 1.295831725470949754e-04 5.318656523031179648e-05 2.039687051161080285e-05 7.320435747433686382e-06 2.464108360112906620e-06 7.794652190294917274e-07 2.320906715773365529e-07 6.513632183222482096e-08 1.725005882999045335e-08 4.315314538065750242e-09 1.020763311048094456e-09 2.285420921796040583e-10 4.848256417715491672e-11 9.755484743662560447e-12 1.863963542895042085e-12 3.385676041031071167e-13 5.852953289984484978e-14 9.641215606137561196e-15 1.515025713978298388e-15 2.273705759268834405e-16 3.263518935466924474e-17 4.503250341965652939e-18 6.003719199846245597e-19 4.714385790861116916e-20 -1.550230187556095310e-20 -5.048277245291568328e-22 2.785519891030326384e-21
8.302500036297985461e-23 -1.481367060194165622e-20 3.966249852004713710e-20 5.644535454923752645e-19 4.315893672565864073e-18 3.193575720545547335e-17 2.273705759268832926e-16 1.549296320644380264e-15 1.008953447812095982e-14 6.272683013625664130e-14 3.718582942002976247e-13 2.099593798285663046e-12 1.127762408171407447e-11 5.755976834365797703e-11 2.788319099992976064e-10 1.280567925487760712e-09 5.569640424555963183e-09 2.291681540483986690e-08 8.910963038692039169e-08 3.270890584727464224e-07 1.132056633712494948e-06 3.689322042399703519e-06 1.130303699195217183e-05 3.248928861874918027e-05 8.740774365521952857e-05 2.196083078417786682e-04 5.147071672374802561e-04 1.126085494746653344e-03 2.306586794223107646e-03 4.445276614195241283e-03 8.079702968023698764e-03 1.385366870897453487e-02 2.265907414993515931e-02 3.592008358349709635e-02 5.464395429240502533e-02 7.845766093226388960e-02 1.058987806611945415e-01 1.353106741498260046e-01 1.652844011816659020e-01 1.947092324541686847e-01 2.227622756688058536e-01 2.488601674866982305e-01 2.725987267555844973e-01 2.937025985061200162e-01 3.119987685641318342e-01 3.273825298241836435e-01 3.397804517973486149e-01 3.491320037657353881e-01 3.553899221305992229e-01 3.585251307699784951e-01 3.585251307699784951e-01 3.553899221305992784e-01 3.491320037657352215e-01 3.397804517973483929e-01 3.273825298241836435e-01 3.119987685641318342e-01 2.937025985061199052e-01 2.725987267555844418e-01 2.488601674866982028e-01 2.227622756688057981e-01 1.947092324541686292e-01 1.652844011816659020e-01 1.353106741498260046e-01 1.058987806611945276e-01 7.845766093226384796e-02 5.464395429240499064e-02 3.592008358349706165e-02 2.265907414993512808e-02 1.385366870897451232e-02 8.079702968023679682e-03 4.445276614195229140e-03 2.306586794223099406e-03 1.126085494746649008e-03 5.147071672374780877e-04 2.196083078417778822e-04 8.740774365521928463e-05 3.248928861874911928e-05 1.130303699195215489e-05 3.689322042399701401e-06 1.132056633712494736e-06 3.270890584727463695e-07 8.910963038692040493e-08 2.291681540483987352e-08 5.569640424555966492e-09 1.280567925487761539e-09 2.788319099992977098e-10 5.755976834365801580e-11 1.127762408171408093e-11 2.099593798285664258e-12 3.718582942002978266e-13 6.272683013625669179e-14 1.008953447812096613e-14 1.549296320644381250e-15 2.273705759268833419e-16 3.193575720545549183e-17 4.315893672565866384e-18 5.644535454923759386e-19 3.966249852004741997e-20 -1.481367060194152983e-20 8.302500036294505998e-23
-1.216236449810078146e-20 2.991250681722958942e-20 5.090089414241730851e-19 3.963767045790649567e-18 2.992489944340658517e-17 2.175742820642033296e-16 1.515025713978297599e-15 1.008953447812095982e-14 6.419096875611568489e-14 3.896973944043037576e-13 2.254879200545567340e-12 1.242076085388750065e-11 6.505623917834273763e-11 3.236208356128485129e-10 1.527177658405407136e-09 6.828994572744912731e-09 2.890381604292550840e-08 1.156656442146972862e-07 4.371326805182946741e-07 1.558323233927259536e-06 5.232934791234105516e-06 1.652608374035155757e-05 4.898396724865083847e-05 1.359299097082735470e-04 3.521915336858658617e-04 8.500700370573018591e-04 1.910806170861042898e-03 4.014028904084992848e-03 7.890407731669253286e-03 1.450955068612146473e-02 2.542884446918173072e-02 4.301646247450255367e-02 6.836431026759137719e-02 1.001657404107480637e-01 1.360665195158528018e-01 1.739445364924423476e-01 2.121633742688195656e-01 2.495262763972977416e-01 2.851793863999784184e-01 3.185406608602184275e-01 3.492495032136744282e-01 3.770886641239206138e-01 4.019212165980331486e-01 4.236662940493775564e-01 4.423032263790022678e-01 4.578439790156473288e-01 4.702795110431646775e-01 4.795718653021550093e-01 4.857087799760811397e-01 4.887431201203181197e-01 4.887431201203181197e-01 4.857087799760810287e-01 4.795718653021550093e-01 4.702795110431646219e-01 4.578439790156473288e-01 4.423032263790023233e-01 4.236662940493774454e-01 4.019212165980329265e-01 3.770886641239205583e-01 3.492495032136744282e-01 3.185406608602182610e-01 2.851793863999783074e-01 2.495262763972977416e-01 2.121633742688194824e-01 1.739445364924423199e-01 1.360665195158526908e-01 1.001657404107479804e-01 6.836431026759129392e-02 4.301646247450245653e-02 2.542884446918167521e-02 1.450955068612142830e-02 7.890407731669227265e-03 4.014028904084978103e-03 1.910806170861034659e-03 8.500700370572989318e-04 3.521915336858648859e-04 1.359299097082732489e-04 4.898396724865078426e-05 1.652608374035154402e-05 5.232934791234103822e-06 1.558323233927259536e-06 4.371326805182947270e-07 1.156656442146972994e-07 2.890381604292552494e-08 6.828994572744916867e-09 1.527177658405407963e-09 3.236208356128487714e-10 6.505623917834280226e-11 1.242076085388750873e-11 2.254879200545568955e-12 3.896973944043039091e-13 6.419096875611574800e-14 1.008953447812096455e-14 1.515025713978298190e-15 2.175742820642033789e-16 2.992489944340659750e-17 3.963767045790649567e-18 5.090089414241732777e-19 2.991250681722993850e-20 -1.216236449810059790e-20
1.655248349648424984e-20 4.386253411972541245e-19 3.489574337817217159e-18 2.684715264589587628e-17 1.992133471749974674e-16 1.416639764527371663e-15 9.641215606137554885e-15 6.272683013625664130e-14 3.896973944043037576e-13 2.309125221463243834e-12 1.303463531434730676e-11 7.001055700481286396e-11 3.573746469470740150e-10 1.731673340178945913e-09 7.955787998523747790e-09 3.461582533855092050e-08 1.424759484093833399e-07 5.540843904052389176e-07 2.033483784462112943e-06 7.032943599319086955e-06 2.288534031921234726e-05 6.992330843695306270e-05 2.000877657272166299e-04 5.345864249250545418e-04 1.329312501522903964e-03 3.075027073389875049e-03 6.616041707824973570e-03 1.320292020196385009e-02 2.493721816473535788e-02 4.521136169643255598e-02 7.547231670124418534e-02 1.136593365433185981e-01 1.566501908608576299e-01 2.017950771214166161e-01 2.471808141518789803e-01 2.915226749078916879e-01 3.339710985022095735e-01 3.739495552859939398e-01 4.110811060658213223e-01 4.451452279457125960e-01 4.760205314624899042e-01 5.036322797951581220e-01 5.279596425003295623e-01 5.490251370151125743e-01 5.668891563390119348e-01 5.816253109585385328e-01 5.932893556647815814e-01 6.019090433661594686e-01 6.075363200226230331e-01 6.102905929159587739e-01 6.102905929159587739e-01 6.075363200226231442e-01 6.019090433661594686e-01 5.932893556647815814e-01 5.816253109585386438e-01 5.668891563390121568e-01 5.490251370151125743e-01 5.279596425003293403e-01 5.036322797951579000e-01 4.760205314624900153e-01 4.451452279457125405e-01 4.110811060658211002e-01 3.739495552859938288e-01 3.339710985022094070e-01 2.915226749078916879e-01 2.471808141518788693e-01 2.017950771214165329e-01 1.566501908608574911e-01 1.136593365433184732e-01 7.547231670124404657e-02 4.521136169643245190e-02 2.493721816473527808e-02 1.320292020196380499e-02 6.616041707824946681e-03 3.075027073389864640e-03 1.329312501522900277e-03 5.345864249250534576e-04 2.000877657272163317e-04 6.992330843695298138e-05 2.288534031921233709e-05 7.032943599319086955e-06 2.033483784462112943e-06 5.540843904052392353e-07 1.424759484093834193e-07 3.461582533855094697e-08 7.955787998523749445e-09 1.731673340178947360e-09 3.573746469470742735e-10 7.001055700481290273e-11 1.303463531434731484e-11 2.309125221463244642e-12 3.896973944043039596e-13 6.272683013625666655e-14 9.641215606137558040e-15 1.416639764527372057e-15 1.992133471749974674e-16 2.684715264589587628e-17 3.489574337817215618e-18 4.386253411972543171e-19 1.655248349648463202e-20
3.241129186118795110e-19 2.955514454306467393e-18 2.304634778187600160e-17 1.745061271981251003e-16 1.266489852439244125e-15 8.802769200953011227e-15 5.852953289984481192e-14 3.718582942002976247e-13 2.254879200545567340e-12 1.303463531434730676e-11 7.174370871666215869e-11 3.755387280184101635e-10 1.867191931248103209e-09 8.807795892188178735e-09 3.937079870585302015e-08 1.665694882913858033e-07 6.662061184461884036e-07 2.515742344293921048e-06 8.957050094225975462e-06 3.001923229690369260e-05 9.451332475303221320e-05 2.788204628147843709e-04 7.681491430654488993e-04 1.969271067004741901e-03 4.688251909587718563e-03 1.029915386944943619e-02 2.110313849096038044e-02 4.142918009217103764e-02 7.399976941065844471e-02 1.165393886357742603e-01 1.651038168588202515e-01 2.163989263710566213e-01 2.681324992913428629e-01 3.188312487075797841e-01 3.675962112283002181e-01 4.138538395734956965e-01 4.571751612091326522e-01 4.972171841969929562e-01 5.337599942408762788e-01 5.666962076195761755e-01 5.959829137080612238e-01 6.216275053044776344e-01 6.437416684407510914e-01 6.625066349577427571e-01 6.781057853748673203e-01 6.906958658503566939e-01 7.004443266762611087e-01 7.075360962764247752e-01 7.121469295618906292e-01 7.144117626022359335e-01 7.144117626022361556e-01 7.121469295618906292e-01 7.075360962764247752e-01 7.004443266762611087e-01 6.906958658503566939e-01 6.781057853748672093e-01 6.625066349577429792e-01 6.437416684407509804e-01 6.216275053044774124e-01 5.959829137080612238e-01 5.666962076195760645e-01 5.337599942408761677e-01 4.972171841969927342e-01 4.571751612091325967e-01 4.138538395734956965e-01 3.675962112283001626e-01 3.188312487075797286e-01 2.681324992913428074e-01 2.163989263710564825e-01 1.651038168588201127e-01 1.165393886357740938e-01 7.399976941065826430e-02 4.142918009217090580e-02 2.110313849096030064e-02 1.029915386944939976e-02 4.688251909587704686e-03 1.969271067004737565e-03 7.681491430654477067e-04 2.788204628147842624e-04 9.451332475303222676e-05 3.001923229690369599e-05 8.957050094225978850e-06 2.515742344293922318e-06 6.662061184461887212e-07 1.665694882913859886e-07 3.937079870585305324e-08 8.807795892188183698e-09 1.867191931248104450e-09 3.755387280184104737e-10 7.174370871666217162e-11 1.303463531434731484e-11 2.254879200545568148e-12 3.718582942002976247e-13 5.852953289984482454e-14 8.802769200953012805e-15 1.266489852439244125e-15 1.745061271981251003e-16 2.304634778187599236e-17 2.955514454306466623e-18 3.241129186118797517e-19
2.061095112826176817e-18 1.916472980614867244e-17 1.460899459170089270e-16 1.082366183793554954e-15 7.678320359469818844e-15 5.214224108071860773e-14 3.385676041031069652e-13 2.099593798285663046e-12 1.242076085388750065e-11 7.001055700481286396e-11 3.755387280184101635e-10 1.914665073206612098e-09 9.267214256391287934e-09 4.253014720185059984e-08 1.848453601822228009e-07 7.598883161015330879e-07 2.950967420937982870e-06 1.081055435520452374e-05 3.729947299864828827e-05 1.209664087683451074e-04 3.678108212848525075e-04 1.044852479596271094e-03 2.762712399454231044e-03 6.760771791099162362e-03 1.521862852638996254e-02 3.259457390997506920e-02 6.400147383774829057e-02 1.082925502459486794e-01 1.606808430710251479e-01 2.169616008773572191e-01 2.742965503056817300e-01 3.309350185011483148e-01 3.858092926001823186e-01 4.382198303790917349e-01 4.876281235161117888e-01 5.335412122875341501e-01 5.755157226536579129e-01 6.132498690480930881e-01 6.466389508208485459e-01 6.757309112370621929e-01 7.006737399307548797e-01 7.216878281176353216e-01 7.391068024440097251e-01 7.533273543140284190e-01 7.647190681431417225e-01 7.735667567753852225e-01 7.801516637956315003e-01 7.848061891063486950e-01 7.878242432430717646e-01 7.893294752874047138e-01 7.893294752874050468e-01 7.878242432430717646e-01 7.848061891063486950e-01 7.801516637956316114e-01 7.735667567753851115e-01 7.647190681431416115e-01 7.533273543140286410e-01 7.391068024440097251e-01 7.216878281176353216e-01 7.006737399307547687e-01 6.757309112370621929e-01 6.466389508208485459e-01 6.132498690480930881e-01 5.755157226536578019e-01 5.335412122875341501e-01 4.876281235161117888e-01 4.382198303790916794e-01 3.858092926001823186e-01 3.309350185011482037e-01 2.742965503056816745e-01 2.169616008773570526e-01 1.606808430710250368e-01 1.082925502459484990e-01 6.400147383774811016e-02 3.259457390997495818e-02 1.521862852638992264e-02 6.760771791099150219e-03 2.762712399454227575e-03 1.044852479596270443e-03 3.678108212848525617e-04 1.209664087683451345e-04 3.729947299864830860e-05 1.081055435520452882e-05 2.950967420937984564e-06 7.598883161015337231e-07 1.848453601822229333e-07 4.253014720185062631e-08 9.267214256391294551e-09 1.914665073206613752e-09 3.755387280184104220e-10 7.001055700481288981e-11 1.242076085388750226e-11 2.099593798285663450e-12 3.385676041031069652e-13 5.214224108071860773e-14 7.678320359469817267e-15 1.082366183793554954e-15 1.460899459170088777e-16 1.916472980614866012e-17 2.061095112826175662e-18
1.283183014066262363e-17 1.185085604702199829e-16 8.831546512473129564e-16 6.397271080154409780e-15 4.434186486956311993e-14 2.940813965095693300e-13 1.863963542895041277e-12 1.127762408171407447e-11 6.505623917834273763e-11 3.573746469470740150e-10 1.867191931248103209e-09 9.267214256391287934e-09 4.363834516659206856e-08 1.947190087661764136e-07 8.222896656051730015e-07 3.282119567808494035e-06 1.236495048358470540e-05 4.389884068552376434e-05 1.465874710735941657e-04 4.592437074502575762e-04 1.344973357070219705e-03 3.667659834187477104e-03 9.227180742932602348e-03 2.156752224452297695e-02 4.758498624415839068e-02 8.995239981267226514e-02 1.438226893680875085e-01 2.036781820648118635e-01 2.657395485769167287e-01 3.278110269979597202e-01 3.886065680597656224e-01 4.472038445286522501e-01 5.027694247460853250e-01 5.545266850674503978e-01 6.018086697954165842e-01 6.441051064741625254e-01 6.811171357645253721e-01 7.128107179094271828e-01 7.393835511289935658e-01 7.611901907455216332e-01 7.786806413725162468e-01 7.923789067077091630e-01 8.028609060901182870e-01 8.106831507826433025e-01 8.163530892706453157e-01 8.202982983528065430e-01 8.229076012721080469e-01 8.245648241606147177e-01 8.255881369876864051e-01 8.261042433209385694e-01 8.261042433209385694e-01 8.255881369876864051e-01 8.245648241606149398e-01 8.229076012721078248e-01 8.202982983528062100e-01 8.163530892706450937e-01 8.106831507826435246e-01 8.028609060901186201e-01 7.923789067077091630e-01 7.786806413725158027e-01 7.611901907455220773e-01 7.393835511289934548e-01 7.128107179094272938e-01 6.811171357645253721e-01 6.441051064741624144e-01 6.018086697954164732e-01 5.545266850674502868e-01 5.027694247460853250e-01 4.472038445286522501e-01 3.886065680597656224e-01 3.278110269979597202e-01 2.657395485769167842e-01 2.036781820648118080e-01 1.438226893680873419e-01 8.995239981267209861e-02 4.758498624415827272e-02 2.156752224452292491e-02 9.227180742932590204e-03 3.667659834187474502e-03 1.344973357070219921e-03 4.592437074502577930e-04 1.465874710735942470e-04 4.389884068552380499e-05 1.236495048358471387e-05 3.282119567808496153e-06 8.222896656051734250e-07 1.947190087661765460e-07 4.363834516659208841e-08 9.267214256391294551e-09 1.867191931248104036e-09 3.573746469470742218e-10 6.505623917834276348e-11 1.127762408171407932e-11 1.863963542895041681e-12 2.940813965095693300e-13 4.434186486956311362e-14 6.397271080154408991e-15 8.831546512473125619e-16 1.185085604702199336e-16 1.283183014066262209e-17
7.668659924783992695e-17 6.983621942997962841e-16 5.083659576274842151e-15 3.598850553470989950e-14 2.436390791104091796e-13 1.577441765989354784e-12 9.755484743662555600e-12 5.755976834365797703e-11 3.236208356128485129e-10 1.731673340178945913e-09 8.807795892188178735e-09 4.253014720185059984e-08 1.947190087661764136e-07 8.442057312796888360e-07 3.461361577436947316e-06 1.340291229338231049e-05 4.893628974980657290e-05 1.681641367010469103e-04 5.425918758185062970e-04 1.637866507360394557e-03 4.606835725510883238e-03 1.193732558448573448e-02 2.921978796989602861e-02 6.440416024135499351e-02 1.160997188801124180e-01 1.774374791837164400e-01 2.430215844767733835e-01 3.097739879249134520e-01 3.760554212335614488e-01 4.407322895805662055e-01 5.026502020787213532e-01 5.605939613861212756e-01 6.134646926813356327e-01 6.604626861243660940e-01 7.011225756210779370e-01 7.353016873351290172e-01 7.631592241382302300e-01 7.851057825902024723e-01 8.017141718727177624e-01 8.136370975138924599e-01 8.215809174907375834e-01 8.263235526472373360e-01 8.286476892865911603e-01 8.291902331899458911e-01 8.284785001237612301e-01 8.270400220267327684e-01 8.253604887448479088e-01 8.238378720295884694e-01 8.227478721022346564e-01 8.222055411031493621e-01 8.222055411031493621e-01 8.227478721022349895e-01 8.238378720295886914e-01 8.253604887448480198e-01 8.270400220267327684e-01 8.284785001237612301e-01 8.291902331899457801e-01 8.286476892865911603e-01 8.263235526472374470e-01 8.215809174907378054e-01 8.136370975138927930e-01 8.017141718727175403e-01 7.851057825902023612e-01 7.631592241382301189e-01 7.353016873351286842e-01 7.011225756210776039e-01 6.604626861243658720e-01 6.134646926813355217e-01 5.605939613861212756e-01 5.026502020787214642e-01 4.407322895805662055e-01 3.760554212335616153e-01 3.097739879249135075e-01 2.430215844767733835e-01 1.774374791837163012e-01 1.160997188801122654e-01 6.440416024135484085e-02 2.921978796989597310e-02 1.193732558448572408e-02 4.606835725510882371e-03 1.637866507360395208e-03 5.425918758185067307e-04 1.681641367010470729e-04 4.893628974980660000e-05 1.340291229338231896e-05 3.461361577436949010e-06 8.442057312796890477e-07 1.947190087661765460e-07 4.253014720185061307e-08 8.807795892188180390e-09 1.731673340178946740e-09 3.236208356128486680e-10 5.755976834365798995e-11 9.755484743662555600e-12 1.577441765989354380e-12 2.436390791104091291e-13 3.598850553470989318e-14 5.083659576274841362e-15 6.983621942997959882e-16 7.668659924783987765e-17
4.365237420673264661e-16 3.916275561759594302e-15 2.783130418711701955e-14 1.924834839412582187e-13 1.272255563571027375e-12 8.038131726015934895e-12 4.848256417715489087e-11 2.788319099992976064e-10 1.527177658405407136e-09 7.955787998523747790e-09 3.937079870585302015e-08 1.848453601822228009e-07 8.222896656051730015e-07 3.461361577436947316e-06 1.376791329074214958e-05 5.166813002104637969e-05 1.826124719602006225e-04 6.064884249024781902e-04 1.886293799402473511e-03 5.473239857826926215e-03 1.465647702753830085e-02 3.736305236311932010e-02 8.084621267774526332e-02 1.400522575501313982e-01 2.072200231475010979e-01 2.774772660648720524e-01 3.484595349778350504e-01 4.187940889004821421e-01 4.870696222459847680e-01 5.516301746517610072e-01 6.108279287160247595e-01 6.633692213367503587e-01 7.084519834829843266e-01 7.457908598398932387e-01 7.754722523876971252e-01 7.978521289744555656e-01 8.135576225632432656e-01 8.234165410556760767e-01 8.282973792381477240e-01 8.290653803368402963e-01 8.266358769247901250e-01 8.219204416248859779e-01 8.157669440710210162e-01 8.088764252247547804e-01 8.017810775630863640e-01 7.949737889613935904e-01 7.889631460861112888e-01 7.842050889062114338e-01 7.809937479511352976e-01 7.794109772945858605e-01 7.794109772945860826e-01 7.809937479511354086e-01 7.842050889062115449e-01 7.889631460861117329e-01 7.949737889613937014e-01 8.017810775630864750e-01 8.088764252247548914e-01 8.157669440710207942e-01 8.219204416248860889e-01 8.266358769247900140e-01 8.290653803368402963e-01 8.282973792381471689e-01 8.234165410556757436e-01 8.135576225632430436e-01 7.978521289744555656e-01 7.754722523876970142e-01 7.457908598398927946e-01 7.084519834829839935e-01 6.633692213367505808e-01 6.108279287160246485e-01 5.516301746517611182e-01 4.870696222459847680e-01 4.187940889004821421e-01 3.484595349778349394e-01 2.774772660648719969e-01 2.072200231475010701e-01 1.400522575501312594e-01 8.084621267774513842e-02 3.736305236311929234e-02 1.465647702753830259e-02 5.473239857826927950e-03 1.886293799402474379e-03 6.064884249024787323e-04 1.826124719602007309e-04 5.166813002104642713e-05 1.376791329074215975e-05 3.461361577436949857e-06 8.222896656051733191e-07 1.848453601822228803e-07 3.937079870585304001e-08 7.955787998523747790e-09 1.527177658405407136e-09 2.788319099992976064e-10 4.848256417715487148e-11 8.038131726015933279e-12 1.272255563571027173e-12 1.924834839412581429e-13 2.783130418711701008e-14 3.916275561759592724e-15 4.365237420673261702e-16
